[QueryHistory]
Count=0
[SearchHistory]
Count=1
Text0=win32_operatingsystem
[HostHistory]
Count=2
Text0=localhost
Text1=klpasw0116
[NSpaceHistory]
Count=4
Text0=Root\WMI
Text1=root\
Text2=Root\HPQ
Text3=root\cimv2
[TMainWin]
FormVersion=0
Flags=0
ShowCmd=1
PixelsPerInch=96
MinMaxPos(1920x1200)=-1,-1,-1,-1
MinMaxPos=-1,-1,-1,-1
NormPos(1920x1200)=574,244,1304,743
NormPos=574,244,1304,743
Visible=0
MinMaxPos(1920x1080)=-1,-1,-1,-1
NormPos(1920x1080)=574,244,1304,743
MinMaxPos(1536x864)=-1,-1,-1,-1
NormPos(1536x864)=574,244,1304,743
